labels  newValues
17   -0.05206
53   -0.05206
1001   -0.04478
2001   -0.04478
1002   -0.02479
2002   -0.02479
1003   -0.03515
2003   -0.03515
1005   -0.00746
2005   -0.00746
1006   -0.06466
2006   -0.06466
1032   -0.02847
2032   -0.02847
1007   -0.04874
2007   -0.04874
1008   -0.03492
2008   -0.03492
1009   -0.05293
2009   -0.05293
1035   -0.03071
2035   -0.03071
1010   -0.03853
2010   -0.03853
1011   -0.02205
2011   -0.02205
1012   -0.02819
2012   -0.02819
1014   -0.01793
2014   -0.01793
1013   -0.03333
2013   -0.03333
1015   -0.05275
2015   -0.05275
1017   -0.01526
2017   -0.01526
1016   -0.05096
2016   -0.05096
1018   -0.03202
2018   -0.03202
1019   -0.02621
2019   -0.02621
1020   -0.02299
2020   -0.02299
1021   -0.00557
2021   -0.00557
1022   -0.01059
2022   -0.01059
1023   -0.03374
2023   -0.03374
1024   -0.02419
2024   -0.02419
1025   -0.03340
2025   -0.03340
1026   -0.02714
2026   -0.02714
1027   -0.02951
2027   -0.02951
1028   -0.03387
2028   -0.03387
1029   -0.02227
2029   -0.02227
1030   -0.03927
2030   -0.03927
1031   -0.03301
2031   -0.03301
1033   -0.06152
2033   -0.06152
1034   -0.03881
2034   -0.03881