5808.8 -302.4 -0.29
4195.8 -187.9 -0.24
3698.8 -91.7 -0.14
10131.5 -356.1 -0.19
5013.4 -37.4 -0.04
3397.7 -219.7 -0.27
1282.2 -36.5 -0.13
16510.5 -804.8 -0.33
21962.9 -767 -0.22
18768.4 -993.4 -0.31
11229.7 -344.9 -0.24
4012.3 -154.6 -0.24
20562.1 -453.3 -0.14
12527 -353.1 -0.24
11320.8 -203 -0.12
7572.8 -252.4 -0.25
18721.1 -987.6 -0.34
6258.9 -95.5 -0.09
3746.4 -190.9 -0.33
7269.4 -232.8 -0.19
4010.4 -105.1 -0.17
5911.7 -135.9 -0.12
3486 -19.4 -0.03
15759.2 -166.9 -0.08
5833.4 -196.8 -0.24
21455.6 -519 -0.18
15309.1 -511.3 -0.23
3729 -101.2 -0.15
24612.1 -726.3 -0.19
36011.3 -1219.8 -0.24
21432.3 -477.4 -0.15
19043.8 -747.8 -0.27
17413.9 -574.8 -0.23
3806.8 -234.2 -0.37
1703.1 -66.1 -0.2
