labels			newValues
17			-0.29
53			-0.29
1001			-0.24
2001			-0.24
1002			-0.14
2002			-0.14
1003			-0.19
2003			-0.19
1005			-0.04
2005			-0.04
1006			-0.27
2006			-0.27
1032			-0.13
2032			-0.13
1007			-0.33
2007			-0.33
1008			-0.22
2008			-0.22
1009			-0.31
2009			-0.31
1035			-0.24
2035			-0.24
1010			-0.24
2010			-0.24
1011			-0.14
2011			-0.14
1012			-0.24
2012			-0.24
1014			-0.24
2014			-0.24
1013			-0.12
2013			-0.12
1015			-0.34
2015			-0.34
1017			-0.09
2017			-0.09
1016			-0.33
2016			-0.33
1018			-0.19
2018			-0.19
1019			-0.17
2019			-0.17
1020			-0.12
2020			-0.12
1021			-0.03
2021			-0.03
1022			-0.08
2022			-0.08
1023			-0.24
2023			-0.24
1024			-0.18
2024			-0.18
1025			-0.23
2025			-0.23
1026			-0.15
2026			-0.15
1027			-0.19
2027			-0.19
1028			-0.24
2028			-0.24
1029			-0.15
2029			-0.15
1030			-0.27
2030			-0.27
1031			-0.23
2031			-0.23
1033			-0.37
2033			-0.37
1034			-0.2
2034			-0.2