5808.8,-302.4,-0.05
4195.8,-187.9,-0.04
3698.8,-91.7,-0.02
10131.5,-356.1,-0.04
5013.4,-37.4,-0.01
3397.7,-219.7,-0.06
1282.2,-36.5,-0.03
16510.5,-804.8,-0.05
21962.9,-767.0,-0.03
18768.4,-993.4,-0.05
11229.7,-344.9,-0.03
4012.3,-154.6,-0.04
20562.1,-453.3,-0.02
12527.0,-353.1,-0.03
11320.8,-203.0,-0.02
7572.8,-252.4,-0.03
18721.1,-987.6,-0.05
6258.9,-95.5,-0.02
3746.4,-190.9,-0.05
7269.4,-232.8,-0.03
4010.4,-105.1,-0.03
5911.7,-135.9,-0.02
3486.0,-19.4,-0.01
15759.2,-166.9,-0.01
5833.4,-196.8,-0.03
21455.6,-519.0,-0.02
15309.1,-511.3,-0.03
3729.0,-101.2,-0.03
24612.1,-726.3,-0.03
36011.3,-1219.8,-0.03
21432.3,-477.4,-0.02
19043.8,-747.8,-0.04
17413.9,-574.8,-0.03
3806.8,-234.2,-0.06
1703.1,-66.1,-0.04
